              precision    recall  f1-score   support

           0       0.50      0.69      0.58      2979
           1       0.47      0.64      0.54      2970
           2       0.52      0.46      0.49      2837
           3       0.35      0.36      0.35      3005
           4       0.83      0.74      0.78      3057
           5       0.52      0.22      0.31      2909

    accuracy                           0.52     17757
   macro avg       0.53      0.52      0.51     17757
weighted avg       0.53      0.52      0.51     17757

